1217
1232
1213
1203
1233
1102
1104
1108
1109
1110
1215
1201
1101
1220
1218
1210
1234
1227
1219
1216
1103
1229
1231
1225
1235
1236
1256
1305
1308
1304
1310
1307
1303
1301
1312
1316
1313
1309
1314
1324
1315
1319
1323
1321
1325
1338
1337
1326
1339
1340
1341
1418
1342
1402
1413
1417
1410
1416
1419
1409
1437
1435
1432
1423
1414
1434
1438
1439
1436
1440
1443
1441
1442
1444
1452
1451
1446
1445
1447
1456
1460
1459
1455
1454
1449
1465
1453
1457
1463
1466
1468
1464
1467
1470
1472
1471
1473
1475
1474
1476
1506
1477
1503
1504
1512
1513
1517
1515
1516
1514
1521
1522
1519
1524
1526
1525
1528
1527
1530
1531
1533
1532
1529
1536
1538
1535
1537
1539
1540
1558
1563
1541
1568
1560
1583
1582
1589
1587
1590
1597
1598
1623
1603
1604
1608
1605
1617
1614
1612
1611
1609
1626
1618
1616
1708
1702
1615
1707
1711
1721
1709
1718
1714
1712
1710
1717
1713
1720
1722
1726
1730
1723
1727
1725
1731
1732
1733
1735
1737
1734
1736
1760
1752
1786
1773
1762
1789
1776
1783
1805
1802
1795
1817
1810
1903
1806
1809
1808
1904
1906
2006
1907
1905
2007
1909
2002
2008
2012
2009
2010
2013
2014
2015
2020
2017
2029
2025
2028
2024
2027
2023
2030
2034
2031
2022
2032
2072
2059
2033
2049
2062
2038
2069
2101
2102
2103
2104
2105
2109
2114
2201
2106
2204
2108
2208
2107
2115
2227
2207
2228
2206
2211
2231
2239
2233
2241
2248
2236
2243
2247
2301
2250
2305
2302
2321
2303
2317
2308
2313
2324
2342
2314
2316
2312
2328
2329
2330
2323
2327
2331
2332
2338
2340
2349
2337
2351
2344
2347
2345
2354
2359
2353
2348
2352
2356
2362
2357
2360
2355
2363
2367
2365
2364
2368
2371
2376
2373
2369
2375
2377
2380
2374
2379
2383
2382
2385
2387
2390
2397
2392
2393
2399
2388
2395
2401
2402
2404
2405
2406
2413
2412
2409
2408
2415
2414
2417
2419
2420
2424
2421
2423
2425
2426
2429
2428
2427
2430
2436
2434
2433
2440
2438
2431
2439
2444
2441
2449
2451
2450
2454
2442
2453
2459
2455
2457
2458
2461
2465
2460
2464
2462
2468
2467
2482
2491
2488
2474
2471
2481
2472
2483
2496
2497
2478
2492
2480
2477
2501
2484
2495
2493
2489
2486
2485
2498
2476
2466
2504
2505
2506
2511
2516
2509
2514
2524
2527
2530
2520
2528
2515
2537
2534
2536
2535
2540
2545
2538
2542
2546
2539
2543
2547
2601
2597
2605
2548
2603
2606
2611
2612
2609
2608
2607
2610
2613
2616
2615
2614
2618
2617
2633
2636
2634
2630
2637
2646
2642
2645
2701
2705
2762
2704
2712
2702
2707
2723
2706
2731
2722
2727
2739
2748
2753
2816
2801
2812
2849
2820
2850
2851
2838
2834
2845
2867
2832
2836
2880
2855
2852
2881
2882
2884
2883
2885
2887
2889
2886
2890
2903
2891
2901
2897
2905
2904
2910
2892
2906
2908
2912
2911
2913
2915
2929
2923
2939
3003
3002
2945
3004
3006
3005
3008
3010
3011
3014
3015
3013
3017
3019
3016
3018
3023
3024
3026
3030
3022
3027
3042
3044
3036
3029
3031
3038
3037
3045
3025
3043
3033
3028
3035
3040
3034
3032
3047
3021
3041
3046
3049
3048
3054
3050
3060
3055
3135
3058
3051
3090
3057
3056
3130
3052
3059
3062
3094
3092
3138
3164
3168
3189
3149
3167
3231
3229
3209
3266
3338
3305
3311
3296
3308
3312
3321
3257
3346
3380
3419
3416
3376
3406
3413
3356
3432
3437
3447
3443
3450
3518
3501
3481
3494
3504
3530
3528
3535
3532
3515
3533
3543
3545
3550
3583
3576
3563
3557
3591
3592
3588
3596
3605
3593
3607
3617
3622
3661
3686
3653
3669
3645
