1216
1215
1201
1218
1104
1110
1217
1210
1213
1203
1102
1108
1109
1101
1220
1233
1227
1219
1103
1225
1232
1229
1234
1231
1256
1236
1235
1301
1309
1304
1308
1303
1307
1305
1310
1323
1324
1314
1337
1321
1325
1315
1312
1313
1319
1316
1338
1339
1341
1326
1340
1409
1342
1402
1410
1413
1416
1414
1417
1418
1435
1419
1434
1439
1440
1443
1437
1444
1441
1442
1432
1438
1447
1445
1436
1423
1451
1446
1449
1453
1452
1454
1455
1459
1463
1457
1460
1456
1473
1466
1471
1465
1467
1476
1474
1475
1470
1468
1464
1472
1506
1503
1504
1477
1512
1513
1514
1521
1515
1517
1522
1525
1526
1516
1531
1528
1533
1535
1524
1530
1519
1527
1532
1529
1536
1537
1539
1538
1558
1540
1541
1560
1563
1589
1582
1568
1590
1623
1583
1605
1587
1597
1604
1598
1608
1611
1603
1612
1609
1614
1617
1616
1615
1618
1626
1702
1713
1708
1710
1711
1712
1709
1707
1714
1718
1717
1720
1726
1721
1722
1723
1727
1725
1730
1731
1732
1733
1734
1735
1752
1737
1736
1760
1773
1762
1795
1786
1776
1783
1789
1802
1805
1806
1808
1903
1809
1810
1817
1904
1906
1905
1909
1907
2002
2006
2008
2012
2009
2014
2007
2010
2013
2015
2017
2020
2023
2022
2024
2027
2025
2029
2030
2028
2031
2033
2032
2034
2072
2038
2102
2049
2062
2059
2069
2103
2104
2101
2105
2109
2108
2114
2106
2107
2206
2201
2204
2115
2207
2208
2211
2227
2228
2233
2241
2243
2239
2247
2231
2248
2236
2305
2301
2302
2303
2250
2308
2313
2316
2312
2317
2314
2321
2323
2324
2328
2327
2329
2330
2331
2332
2337
2338
2340
2344
2342
2345
2349
2347
2351
2348
2354
2353
2356
2355
2352
2357
2359
2360
2362
2367
2365
2364
2363
2369
2368
2375
2373
2371
2376
2380
2379
2374
2377
2382
2390
2383
2387
2388
2385
2392
2393
2397
2395
2399
2401
2402
2406
2405
2404
2412
2408
2409
2415
2413
2417
2414
2419
2420
2421
2424
2425
2423
2426
2427
2428
2429
2430
2431
2434
2433
2436
2438
2439
2440
2444
2441
2450
2453
2451
2449
2457
2442
2455
2454
2460
2459
2458
2461
2464
2465
2462
2467
2466
2471
2468
2472
2474
2476
2477
2478
2480
2485
2481
2482
2483
2484
2486
2488
2491
2489
2492
2496
2495
2493
2498
2497
2506
2504
2501
2505
2509
2514
2511
2516
2524
2527
2530
2515
2520
2534
2536
2528
2537
2535
2538
2539
2540
2545
2542
2601
2547
2543
2605
2603
2546
2606
2548
2597
2608
2609
2610
2607
2613
2612
2611
2615
2616
2614
2617
2762
2618
2633
2630
2634
2636
2637
2642
2646
2705
2645
2701
2704
2702
2707
2706
2712
2723
2731
2722
2739
2748
2727
2753
2820
2816
2801
2832
2812
2834
2849
2850
2852
2851
2845
2838
2836
2867
2855
2882
2880
2881
2883
2884
2885
2887
2886
2889
2891
2901
2897
2903
2904
2890
2892
2905
2906
2908
2910
2912
2911
2913
2915
2929
2939
2923
3002
2945
3003
3004
3005
3006
3008
3011
3010
3013
3014
3015
3016
3017
3021
3019
3018
3022
3023
3024
3027
3025
3028
3026
3029
3030
3034
3031
3033
3032
3035
3036
3038
3037
3040
3042
3041
3043
3044
3047
3046
3045
3048
3049
3050
3054
3051
3055
3052
3058
3060
3059
3056
3062
3057
3090
3130
3094
3135
3138
3149
3229
3092
3164
3168
3209
3189
3167
3231
3257
3266
3296
3305
3308
3311
3312
3338
3346
3321
3376
3380
3406
3413
3356
3416
3437
3419
3432
3447
3443
3450
3481
3501
3504
3494
3515
3518
3528
3530
3535
3543
3533
3532
3545
3550
3576
3583
3592
3557
3563
3591
3596
3605
3588
3593
3607
3622
3645
3652
3617
3661
3653
3686
3679
3669
3694
3665
3701
3702
3704
3703
3708
3711
3705
3712
3714
3716
3715
3706
3717
4108
4106
4104
4142
4137
4133
4119
4169
4164
4178
4148
4155
4569
4190
4426
4414
4439
4438
4440
4306
4532
4526
4441
4536
4540
4545
4552
4551
4555
4562
4557
4560
4564
4566
4571
4576
4581
4583
4585
4572
4736
4588
4722
4720
4755
4746
4739
4737
4764
4763
4771
4766
4770
4807
4904
4906
4915
4934
4912
4916
4919
4930
4927
4943
4935
4942
4938
4956
4949
4958
4952
4960
4967
4976
4961
4977
4968
4989
4999
5007
4994
5203
5215
5225
5234
5243
5244
5222
5269
5284
5258
5288
5285
5283
5292
5306
5388
5434
5484
5471
5519
5469
5515
5521
5522
5531
5533
5534
5538
5525
5546
5608
5607
5876
5706
5907
5906
5880
6005
5871
6024
6108
6112
6115
6116
6117
6128
6133
6120
6136
6141
6152
6139
6153
6142
6155
6165
6166
6168
6184
6176
6183
6164
6191
6177
6196
6192
6189
6197
6201
6202
6205
6209
6206
6213
6214
6215
6216
6224
6225
6226
6235
6230
6239
6269
6257
6243
6272
6283
6271
6278
6281
6277
6282
6285
6409
6405
6412
6415
6414
6416
6431
6426
6438
6442
6443
6456
6449
6446
6451
6464
6472
6526
6477
6515
6525
6491
6505
6504
6541
6531
6533
6550
6573
6552
6558
6581
6582
6579
6589
6585
6598
6591
6592
6605
6606
6657
6614
6655
6641
6666
6658
6668
6669
6625
6670
6671
6672
6674
6689
6695
6698
6691
6715
6706
6722
6719
6743
6754
6742
6756
6770
6776
6753
6781
6768
6757
6789
6782
6794
6790
6792
6902
6799
6796
6805
6806
6807
6830
6831
6933
6834
6835
6838
6952
6862
6863
6861
6869
6885
6887
6890
6958
6901
7721
6994
7722
7705
6906
6873
6909
6914
7736
7732
6918
6923
6916
6919
6928
6934
6931
6936
6937
6957
6944
7711
6965
6962
7760
7749
7768
7769
7788
7791
7786
7765
7818
7750
7799
7795
7821
7780
7822
8011
8016
8033
8028
8021
8045
8070
8046
8081
8072
8039
8201
8101
8105
8112
8131
8150
8110
8114
8163
8103
8104
8210
8213
8215
8222
8261
8271
8249
8367
8374
8341
8411
8429
8438
8464
8463
8442
8462
8443
8404
8422
8466
8467
8454
8473
8476
8478
8481
8482
8488
8940
8996
9802
8499
8926
9902
9904
9912
9914
9917
9911
9905
9907
9908
9918
9906
9910
9919
9921
9925
9924
2258
9926
9928
9929
9927
9930
9934
9937
9938
9931
9933
9935
9944
9939
9943
9940
9942
9955
6949
6955
9941
9946
9958
7631
2254
7730
4582
9945
2432
3150
4195
4590
1295
6534
6771
6921
6854
6908
6645
6924
7803
7827
6969
6951
7823
6988
7740
7610
8162
8487
1259
1264
1268
1240
1336
1294
1565
1569
1580
1584
1570
1742
1591
1595
1599
1586
1593
1781
1777
1788
1785
1784
1799
1796
1813
2035
2061
1815
2064
2065
2063
2066
2067
2751
2073
2070
2221
2235
2596
2640
2641
2643
2724
2719
2230
2718
2734
2726
2732
2729
2740
2736
2745
2752
2743
2754
2924
2916
2926
2755
2756
2941
3066
3067
2937
3064
2947
2948
2949
3071
3081
3078
3083
3085
3073
3086
3095
3088
3093
3105
3114
3118
3122
3131
3115
3141
3128
3152
3158
3162
3163
3147
3169
3176
3205
3178
3171
3188
3191
3206
3207
3211
3213
3217
3224
3219
3226
3221
3227
3218
3234
3230
3232
3252
3228
3260
3264
3259
3236
3268
3265
3276
3272
3285
3288
3284
3287
3289
3297
3294
3303
3306
3293
3290
3313
3310
3322
3325
3323
3317
3324
3332
3349
3339
3354
3357
3467
3360
3362
3363
3372
3374
3373
3379
3388
3390
3402
3426
3430
3438
3441
3434
3466
3455
3465
3479
3444
3483
3484
3489
3490
3485
3492
3491
3499
3498
3508
3511
3521
3522
3523
3512
3520
3526
3516
3531
3527
3529
3540
3537
3541
3551
3546
3555
3556
3558
3552
3548
3564
3567
3570
3580
3581
3587
3597
3594
3577
3609
3623
3615
3624
3611
3625
3628
3629
3630
3631
3632
3664
3666
3646
3663
3672
3680
3675
3685
3691
3693
3687
3689
3707
3684
3709
3713
3710
4105
4102
4107
4109
4113
4116
4120
4111
4114
4121
4126
4123
4127
4139
4129
4147
4131
4128
4130
4157
4153
4138
4154
4160
4162
4166
4163
4161
4167
4168
4173
4174
4171
4188
4183
4442
4175
4198
4192
4304
4305
4401
4406
4402
4205
4303
4207
4413
4419
4417
4416
4420
4430
4432
4433
4502
4523
4503
4510
4506
4529
4513
4527
4528
4534
4533
4535
4541
4530
4542
4538
4550
4543
4549
4558
4561
4563
4556
4554
4568
4577
4609
4580
4702
4706
4711
4584
4707
4726
4714
4728
4721
4729
4735
4716
4744
4741
4745
4743
4747
4749
4804
4767
4754
4760
4772
4768
4806
4903
4905
4907
4908
4909
4924
4911
4931
4939
4933
4923
4946
4951
4953
4950
4966
4971
4972
4991
4974
4973
4979
5011
5009
4995
5013
5014
5015
5016
5201
5205
5210
5202
5209
5211
5206
5212
5220
5223
5228
5230
5227
5213
5251
5245
5263
5272
5274
5236
5276
5278
5291
5299
5287
5289
5302
5301
5310
5309
5312
5315
5324
5344
5314
5321
5328
5340
5345
5347
5355
5353
5348
5351
5356
5364
5398
5371
5381
5403
5392
5386
5410
5425
5426
5432
5439
5438
5455
5457
5450
5443
5452
5460
5464
5468
5465
5475
5474
5478
5481
5487
5488
5483
5490
5489
5508
5493
5511
5498
5514
5520
5530
5523
5512
5516
5536
5529
5543
5601
5547
5603
5604
5548
5701
5703
5704
5609
5878
5902
5903
5864
5905
6015
6021
6020
5904
6023
6016
6101
6026
6028
6103
6109
6104
6114
6118
6121
6111
6113
6123
6124
6122
6126
6127
6125
6129
6130
6134
6138
6144
6140
6143
6147
6150
6146
6148
6154
6151
6158
6156
6160
6163
6169
6161
6170
6167
6174
6173
6175
6171
6179
6180
6182
6185
6187
6188
6186
6194
6190
6198
6195
6199
6204
6203
6207
6210
6212
6208
6218
6217
6222
6220
6219
6223
6221
6229
6227
6228
6236
6233
6241
6240
6234
6231
6237
6242
6244
6248
6245
6264
6265
6246
6261
6263
6259
6275
6270
6274
6266
6284
6292
6290
6291
6279
6276
6411
6417
6418
6419
6294
6423
6441
6461
6432
6425
6435
6462
6465
6470
6469
6485
6486
6492
6474
6482
6496
6488
6494
6498
6508
6506
6510
6512
6499
6509
6516
6523
6517
6527
6535
6532
6547
6530
6542
6538
6556
6546
6560
6548
6568
6569
6570
6576
6561
6574
6588
6578
6584
6596
6593
6590
6577
6597
6609
6615
6603
6613
6612
6617
6629
6624
6620
6616
6637
6640
6642
6649
6651
6662
6643
6654
6661
6679
6667
6680
6683
6664
6690
6684
6693
6697
6692
6708
6721
6703
6712
6725
6720
6716
6730
6727
6739
6728
6732
6735
6741
6751
6733
6762
6767
6752
6791
6788
6803
6785
6761
6763
6811
6804
6821
6829
6823
6840
6843
6841
6844
6856
6855
6859
6865
6872
6846
6907
6870
6874
6884
6945
6953
6929
6881
6875
6894
6961
6899
6895
6904
6877
6982
6967
6971
6983
6968
6903
6996
6997
6910
7704
7713
7708
7709
7712
7714
6913
7703
7716
7642
7715
6925
6922
7743
7718
7728
7734
7723
7584
7402
7717
7547
7747
7556
7738
7794
7767
7770
7782
7772
7744
7777
7792
7805
7753
7751
7757
7819
7811
7842
7828
7810
7820
8024
8027
8032
8034
8038
8040
8042
8043
8049
8047
8050
8067
8044
8054
8059
8066
8048
8069
8064
8068
8071
8080
8074
8076
8077
8083
8102
8084
8086
8085
8087
8092
8093
8088
8091
8089
8107
8109
8097
8096
8272
8121
8111
8099
8176
8227
8155
8147
8171
8183
8240
8255
8182
8234
8342
8277
8291
8279
8289
8299
8284
8383
8354
8401
8390
8358
8409
8421
8416
8349
8415
8403
8410
8424
8423
8432
8426
8431
8433
8435
8436
8437
8440
8444
8446
8455
8450
8472
8489
8477
8905
8917
8906
8921
8923
8908
8924
8916
8929
8928
8931
8927
8930
8933
8935
8937
8936
8938
8941
8932
9950
9949
9960
9951
8942
9962
