1101
1102
1103
1104
1108
1109
1110
1201
1203
1210
1213
1215
1216
1217
1218
1219
1220
1225
1227
1229
1231
1232
1233
1234
1235
1236
1256
1301
1303
1304
1305
1307
1308
1309
1310
1312
1313
1314
1315
1316
1319
1321
1323
1324
1325
1326
1337
1338
1339
1340
1341
1342
1402
1409
1410
1413
1414
1416
1417
1418
1419
1423
1432
1434
1435
1436
1437
1438
1439
1440
1441
1442
1443
1444
1445
1446
1447
1449
1451
1452
1453
1454
1455
1456
1457
1459
1460
1463
1464
1465
1466
1467
1468
1470
1471
1472
1473
1474
1475
1476
1477
1503
1504
1506
1512
1513
1514
1515
1516
1517
1519
1521
1522
1524
1525
1526
1527
1528
1529
1530
1531
1532
1533
1535
1536
1537
1538
1539
1540
1541
1558
1560
1563
1568
1582
1583
1587
1589
1590
1597
1598
1603
1604
1605
1608
1609
1611
1612
1614
1615
1616
1617
1618
1623
1626
1702
1707
1708
1709
1710
1711
1712
1713
1714
1717
1718
1720
1721
1722
1723
1725
1726
1727
1730
1731
1732
1733
1734
1735
1736
1737
1752
1760
1762
1773
1776
1783
1786
1789
1795
1802
1805
1806
1808
1809
1810
1817
1903
1904
1905
1906
1907
1909
2002
2006
2007
2008
2009
2010
2012
2013
2014
2015
2017
2020
2022
2023
2024
2025
2027
2028
2029
2030
2031
2032
2033
2034
2038
2049
2059
2062
2069
2072
2101
2102
2103
2104
2105
2106
2107
2108
2109
2114
2115
2201
2204
2206
2207
2208
2211
2227
2228
2231
2233
2236
2239
2241
2243
2247
2248
2250
2301
2302
2303
2305
2308
2312
2313
2314
2316
2317
2321
2323
2324
2327
2328
2329
2330
2331
2332
2337
2338
2340
2342
2344
2345
2347
2348
2349
2351
2352
2353
2354
2355
2356
2357
2359
2360
2362
2363
2364
2365
2367
2368
2369
2371
2373
2374
2375
2376
2377
2379
2380
2382
2383
2385
2387
2388
2390
2392
2393
2395
2397
2399
2401
2402
2404
2405
2406
2408
2409
2412
2413
2414
2415
2417
2419
2420
2421
2423
2424
2425
2426
2427
2428
2429
2430
2431
2433
2434
2436
2438
2439
2440
2441
2442
2444
2449
2450
2451
2453
2454
2455
2457
2458
2459
2460
2461
2462
2464
2465
2466
2467
2468
2471
2472
2474
2476
2477
2478
2480
2481
2482
2483
2484
2485
2486
2488
2489
2491
2492
2493
2495
2496
2497
2498
2501
2504
2505
2506
2509
2511
2514
2515
2516
2520
2524
2527
2528
2530
2534
2535
2536
2537
2538
2539
2540
2542
2543
2545
2546
2547
2548
2597
2601
2603
2605
2606
2607
2608
2609
2610
2611
2612
2613
2614
2615
2616
2617
2618
2630
2633
2634
2636
2637
2642
2645
2646
2701
2702
2704
2705
2706
2707
2712
2722
2723
2727
2731
2739
2748
2753
2762
2801
2812
2816
2820
2832
2834
2836
2838
2845
2849
2850
2851
2852
2855
2867
2880
2881
2882
2883
2884
2885
2886
2887
2889
2890
2891
2892
2897
2901
2903
2904
2905
2906
2908
2910
2911
2912
2913
2915
2923
2929
2939
2945
3002
3003
3004
3005
3006
3008
3010
3011
3013
3014
3015
3016
3017
3018
3019
3021
3022
3023
3024
3025
3026
3027
3028
3029
3030
3031
3032
3033
3034
3035
3036
3037
3038
3040
3041
3042
3043
3044
3045
3046
3047
3048
3049
3050
3051
3052
3054
3055
3056
3057
3058
3059
3060
3062
3090
3092
3094
3130
3135
3138
3149
3164
3167
3168
3189
3209
3229
3231
3257
3266
3296
3305
3308
3311
3312
3321
3338
3346
3356
3376
3380
3406
3413
3416
3419
3432
3437
3443
3447
3450
3481
3494
3501
3504
3515
3518
3528
3530
3532
3533
3535
3543
3545
3550
3557
3563
3576
3583
3588
3591
3592
3593
3596
3605
3607
3617
3622
3645
3652
3653
3661
3665
3669
3679
3686
3694
3701
3702
3703
3704
3705
3706
3708
3711
3712
3714
3715
3716
3717
4104
4106
4108
4119
4133
4137
4142
4148
4155
4164
4169
4178
4190
4306
4414
4426
4438
4439
4440
4441
4526
4532
4536
4540
4545
4551
4552
4555
4557
4560
4562
4564
4566
4569
4571
4572
4576
4581
4583
4585
4588
4720
4722
4736
4737
4739
4746
4755
4763
4764
4766
4770
4771
4807
4904
4906
4912
4915
4916
4919
4927
4930
4934
4935
4938
4942
4943
4949
4952
4956
4958
4960
4961
4967
4968
4976
4977
4989
4994
4999
5007
5203
5215
5222
5225
5234
5243
5244
5258
5269
5283
5284
5285
5288
5292
5306
5388
5434
5469
5471
5484
5515
5519
5521
5522
5525
5531
5533
5534
5538
5546
5607
5608
5706
5871
5876
5880
5906
5907
6005
6024
6108
6112
6115
6116
6117
6120
6128
6133
6136
6139
6141
6142
6152
6153
6155
6164
6165
6166
6168
6176
6177
6183
6184
6189
6191
6192
6196
6197
6201
6202
6205
6206
6209
6213
6214
6215
6216
6224
6225
6226
6230
6235
6239
6243
6257
6269
6271
6272
6277
6278
6281
6282
6283
6285
6405
6409
6412
6414
6415
6416
6426
6431
6438
6442
6443
6446
6449
6451
6456
6464
6472
6477
6491
6504
6505
6515
6525
6526
6531
6533
6541
6550
6552
6558
6573
6579
6581
6582
6585
6589
6591
6592
6598
6605
6606
6614
6625
6641
6655
6657
6658
6666
6668
6669
6670
6671
6672
6674
6689
6691
6695
6698
6706
6715
6719
6722
6742
6743
6753
6754
6756
6757
6768
6770
6776
6781
6782
6789
6790
6792
6794
6796
6799
6805
6806
6807
6830
6831
6834
6835
6838
6861
6862
6863
6869
6873
6885
6887
6890
6901
6902
6906
6909
6914
6916
6918
6919
6923
6928
6931
6933
6934
6936
6937
6944
6952
6957
6958
6962
6965
6994
7705
7711
7721
7722
7732
7736
7749
7750
7760
7765
7768
7769
7780
7786
7788
7791
7795
7799
7818
7821
7822
8011
8016
8021
8028
8033
8039
8045
8046
8070
8072
8081
8101
8103
8104
8105
8110
8112
8114
8131
8150
8163
8201
8210
8213
8215
8222
8249
8261
8271
8341
8367
8374
8404
8411
8422
8429
8438
8442
8443
8454
8462
8463
8464
8466
8467
8473
8476
8478
8481
8482
8488
8499
8926
8940
8996
9802
9902
9904
9905
9906
9907
9908
9910
9911
9912
9914
9917
9918
9919
9921
9924
9925
9926
9927
9928
9929
9930
9931
9933
9934
9935
9937
9938
9939
9940
9941
9942
9943
9944
9945
9946
9955
9958
2254
2258
2432
3150
4195
4582
4590
6534
6645
6771
6854
6908
6921
6924
6949
6951
6955
6969
6988
7610
7631
7730
7740
7803
7823
7827
8162
8487
1240O
1259O
1264O
1268O
1294O
1295O
1336O
1565O
1569O
1570O
1580O
1584O
1586O
1591O
1593O
1595O
1599O
1742O
1777O
1781O
1784O
1785O
1788O
1796O
1799O
1813O
1815O
2035O
2061O
2063O
2064O
2065O
2066O
2067O
2070O
2073O
2221O
2230O
2235O
2596O
2640O
2641O
2643O
2718O
2719O
2724O
2726O
2729O
2732O
2734O
2736O
2740O
2743O
2745O
2751O
2752O
2754O
2755O
2756O
2916O
2924O
2926O
2937O
2941O
2947O
2948O
2949O
3064O
3066O
3067O
3071O
3073O
3078O
3081O
3083O
3085O
3086O
3088O
3093O
3095O
3105O
3114O
3115O
3118O
3122O
3128O
3131O
3141O
3147O
3152O
3158O
3162O
3163O
3169O
3171O
3176O
3178O
3188O
3191O
3205O
3206O
3207O
3211O
3213O
3217O
3218O
3219O
3221O
3224O
3226O
3227O
3228O
3230O
3232O
3234O
3236O
3252O
3259O
3260O
3264O
3265O
3268O
3272O
3276O
3284O
3285O
3287O
3288O
3289O
3290O
3293O
3294O
3297O
3303O
3306O
3310O
3313O
3317O
3322O
3323O
3324O
3325O
3332O
3339O
3349O
3354O
3357O
3360O
3362O
3363O
3372O
3373O
3374O
3379O
3388O
3390O
3402O
3426O
3430O
3434O
3438O
3441O
3444O
3455O
3465O
3466O
3467O
3479O
3483O
3484O
3485O
3489O
3490O
3491O
3492O
3498O
3499O
3508O
3511O
3512O
3516O
3520O
3521O
3522O
3523O
3526O
3527O
3529O
3531O
3537O
3540O
3541O
3546O
3548O
3551O
3552O
3555O
3556O
3558O
3564O
3567O
3570O
3577O
3580O
3581O
3587O
3594O
3597O
3609O
3611O
3615O
3623O
3624O
3625O
3628O
3629O
3630O
3631O
3632O
3646O
3663O
3664O
3666O
3672O
3675O
3680O
3684O
3685O
3687O
3689O
3691O
3693O
3707O
3709O
3710O
3713O
4102O
4105O
4107O
4109O
4111O
4113O
4114O
4116O
4120O
4121O
4123O
4126O
4127O
4128O
4129O
4130O
4131O
4138O
4139O
4147O
